
>MyTest4 
3 46 47 -49 -48 13 14 15 16 17 5 6 7 8 -10 -9 1 2 4 40 41 45 44 -43 -42 18 19 22 21 20 -39 -38 -37 -36 -35 30 -31 32 -33 34 23 24 27 29 -28 25 26 12 11 50 |

>MyTest3 
3 6 8 5 9 10 1 2 4 7 -14 -13 -12 -11 -17 -16 -15 22 23 24 -19 -20 -21 18 30 31 32 33 34 35 -25 -26 -27 -28 -29 40 41 39 38 37 36 -42 43 44 45 -47 -46 48 49 50 |

>MyTest2 
46 47 -49 -48 | 13 14 15 16 17 5 6 7 8 | -10 -9 1 2 3 4 | 40 41 45 44 -43 -42 18 19 22 21 20 -39 -38 -37 -36 -35 30 -31 32 -33 34 | 23 24 27 29 -28 25 26 | 50 | 11 12 |

>MyTest1 
3 6 8 5 9 10 | 1 2 4 7 -14 -13 -12 -11 -17 -16 -15 | 22 23 24 -19 -20 -21 18 30 31 32 33 34 35 -25 -26 -27 -28 -29 | 40 41 39 38 37 36 -42 43 44 45 -47 -46 | 48 49 50 |

>another
1 2 3 4 5 6 | 7 8 9 10 |
>withoutcomps
1 -2 4 8 9 6 | 7 -3 5 10 |
>Zum L Genome
1 2 3 | 4 5 6 7 8 9 10 | 11 12 13 14 15 |
>L is even
1 -2 3 | 4 -5 6 -7 8 -9 10 | 11 -12 13 -14 15 |
>passend zu auf 1 comp
1 2 3 4 5 6 7 8 9 | 10 11 |
>compsauf1 chrom
-9 8 -7 4 -3 2 -1 | 10 6 5 11 |
>passend dazu
1 2 3 4 5 6 | 7 8 9 10 11 12 13 14 15 16 | 17 18 19 |
>transGenom
1 2 -3 4 5 6 | 7 9 -10 11 -12 13 -14 15 -8 16 | 17 -18 19 |
>nochnGenom 
man kann doch hier auch | 10 11 8 | 
>AGenomEinerBla 
2 1 3 5 4 | 6 7 -11 -9 -10 -8 12 16 | 15 14 -13 17 |
>genome2 
1 2 3 4 5 6 7 8 9 10 11 12 13 14 15 16 17 |
>genome1 
1 -4 2 3 5 7 6 8 -16 -14 -15 -13 -11 -12 -10 9 17 |
>genome5 
1 
-2 
3 
8 
4 
-5 
6 
| 7 9 -10 11 -12 13 14 -15 16 | 

>BGenomVonWemAnders 
1 2 3 4 5 | 6 7 8 9 10 11 12 | 13 14 15 | 16 17 |

