> genome z
1 2 -102 |
33 34 -73 -72 |
-32 -31 143 70 71 |
-136 209 |
109 110 111 112 113 114 115 116 117 118 119 120 121 122 123 124 125 126 127 |
137 138 139 140 -42 -41 184 185 186 187 207 208 -151 -150 -149 -148 -147 -146 -145 -144 -69 -68 -67 -66 -65 -64 -57 -56 -55 -54 -53 -52 -206 -205 -204 -203 -202 -201 27 28 29 30 -142 -141 43 44 45 46 47 48 49 50 51 188 189 -161 -160 -88 -87 -86 -85 -84 -83 -82 -167 152 153 154 |
-191 -190 162 163 164 165 166 78 79 80 81 168 169 170 171 -182 -181 -180 -199 -198 -197 -196 -21 -20 -19 -18 -17 -16 -15 -14 -13 -12 -11 -10 -9 -8 -7 134 135 -77 -76 -75 -74 35 36 37 38 39 40 -183 172 173 -106 -105 -104 -103 3 4 5 174 175 176 177 178 61 62 63 58 59 60 179 25 26 -200 -24 -23 -22 -195 -194 -193 -192 |
155 156 157 158 159 89 90 6 -133 -132 -131 -130 -129 -128 |
-101 -100 -99 -98 -97 -96 -95 -94 -93 -92 -91 107 108 |

> rootGenom
1 2 3 4 5 6 7 8 9 10 11 12 13 14 15 16 17 18 19 20 21 22 23 24 25 26 27 28 29 30 31 32 |
33 34 35 36 37 38 39 40 41 42 43 44 45 46 47 48 49 50 51 52 53 54 55 56 57 58 59 60 61 62 63 64 65 66 67 68 69 70 71 |
72 73 74 75 76 77 78 79 80 81 82 83 84 85 86 87 88 89 90 91 92 93 94 95 96 97 98 99 100 101 |
102 103 104 105 106 107 108 |
109 110 111 112 113 114 115 116 117 118 119 120 121 122 123 124 125 126 127 |
128 129 130 131 132 133 134 135 136 |
137 138 139 140 141 142 143 144 145 146 147 148 149 150 151 152 153 154 |
155 156 157 158 159 160 161 162 163 164 165 166 167 168 169 170 171 172 173 174 175 176 177 178 179 180 181 182 183 184 185 186 187 188 189 190 191 |
192 193 194 195 196 197 198 199 200 201 202 203 204 205 206 207 208 209 |
