>MyTest1 
3 6 8 5 9 10 | 1 2 4 7 -14 -13 -12 -11 -17 -16 -15 | 22 23 24 -19 -20 -21 18 30 31 32 33 34 35 -25 -26 -27 -28 -29 | 40 41 39 38 37 36 -42 43 44 45 -47 -46 | 48 49 50 |

>MyTest2 
46 47 -49 -48 | 13 14 15 16 17 5 6 7 8 | -10 -9 1 2 3 4 | 40 41 45 44 -43 -42 18 19 22 21 20 -39 -38 -37 -36 -35 30 -31 32 -33 34 | 23 24 27 29 -28 25 26 | 50 | 11 12 |


>MyTest3 
3 6 8 5 9 10 1 2 4 7 -14 -13 -12 -11 -17 -16 -15 22 23 24 -19 -20 -21 18 30 31 32 33 34 35 -25 -26 -27 -28 -29 40 41 39 38 37 36 -42 43 44 45 -47 -46 48 49 50 |

>MyTest4 
3 46 47 -49 -48 13 14 15 16 17 5 6 7 8 -10 -9 1 2 4 40 41 45 44 -43 -42 18 19 22 21 20 -39 -38 -37 -36 -35 30 -31 32 -33 34 23 24 27 29 -28 25 26 12 11 50 |