>test 5 SRK 
2 1 3 | 5 4 6 | 8 7 9 | 11 10 12 | 14 13 15 | 
>2
1 2 3 | 4 5 6 | 7 8 9 | 10 11 12 | 13 14 15 |

>test 5 SRK flip fehlt
16 2 1 3 17 18 5 4 6 19 20 8 7 9 21 22 11 10 12 23 24 14 13 15 25 |
>2
16 7 8 9 21 22 4 5 6 19 20 1 2 3 17 18 10 11 12 23 24 13 14 15 25 |

>test 5 SRK nur 1 chrom flipped - worx!
-17 -3 -1 -2 -16 18 5 4 6 19 20 8 7 9 21 22 11 10 12 23 24 14 13 15 25 |
>2
-17 -3 -2 -1 -20 -19 -6 -5 -4 -22 -21 -9 -8 -7 -16 18 10 11 12 23 24 13 14 15 25 |

>test 5 SRK other concat not good!
16 2 1 3 17 18 5 4 6 19 22 11 10 12 23 20 8 7 9 21 24 14 13 15 25 |
>2
16 7 8 9 21 24 10 11 12 23 20 1 2 3 17 18 4 5 6 19 22 13 14 15 25 |

>test 5 SRK other concat not good!
16 2 1 3 17 -21 -9 -7 -8 -20 -23 -12 -10 -11 -22 -19 -6 -4 -5 -18 24 14 13 15 25 |
>2
16 7 8 9 21 -17 -3 -2 -1 -20 -23 -12 -11 -10 -24 18 4 5 6 19 22 13 14 15 25 |

>test 5 SRK flip
-19 -6 -4 -5 -18 -17 -3 -1 -2 -16 20 8 7 9 21 22 11 10 12 23 24 14 13 15 25 |
>2
-19 -6 -5 -4 -22 -21 -9 -8 -7 -16 20 1 2 3 17 18 10 11 12 23 24 13 14 15 25 |




>g1 tesler longer
-1 2 3 4 11 6 9 8 7 10 5 12 14 13 17 16 15 |
>g2
1 2 3 4 5 6 7 8 9 | 10 11 12 | 13 14 15 16 17 |

>g1 tesler longer capped nach algo
18 -1 2 3 4 11 6 9 8 7 10 5 12 14 13 17 16 15 19 20 21 -23 -22 |
>g2
18 1 2 3 4 5 6 7 8 9 -20 -19 -17 -16 -15 -14 -13 23 -21 10 11 12 -22 |

>g1 tesler longer capped
18 -1 2 3 4 11 6 9 8 7 10 5 12 14 13 17 16 15 19 20 21 22 23 |
>g2
18 1 2 3 4 5 6 7 8 9 -20 19 10 11 12 23 -21 13 14 15 16 17 -22 |

>g1 tesler longer capped flipped worx
18 -1 2 3 4 11 6 9 8 7 10 5 12 14 13 17 16 15 19 20 21 22 23 |
>g2
18 1 2 3 4 5 6 7 8 9 -22 -21 13 14 15 16 17 19 20 -12 -11 -10 23 |

>g1 tesler longer capped flipped worx
18 -1 2 3 4 11 6 9 8 7 10 5 12 14 13 17 16 15 19 20 21 22 23 |
>g2
18 1 2 3 4 5 6 7 8 9 -20 -19 -17 -16 -15 -14 -13 -22 -21 10 11 12 23 |


>g1 nikolski
-1 2 4 7 6 5 8 3 9 | 10 11 13 12 |
>g2
1 2 3 4 5 6 7 8 9 10 11 12 13 |