> genome z
1 2 3 4 5 |
6 7 8 9 10 11 12 13 14 15 16 |
17 18 19 20 21 22 23 24 25 26 27 |
-39 62 69 61 35 -40 |
-44 68 -65 67 -42 37 43 29 -28 |
45 46 47 48 49 50 51 |
52 53 54 55 56 57 58 59 |
-71 64 -70 38 41 -33 -32 -63 -31 -30 66 36 -34 -60 |
72 73 74 75 76 |

> root
1 2 3 4 5 |
6 7 8 9 10 11 12 13 14 15 16 |
17 18 19 20 21 22 23 24 25 26 27 |
28 29 30 31 32 33 34 35 36 37 38 39 |
40 41 42 43 44 |
45 46 47 48 49 50 51 |
52 53 54 55 56 57 58 59 |
60 61 62 63 64 65 66 67 68 69 70 71 |
72 73 74 75 76 |

----------------------------------16, 5/44 length

> genome z
-41 37 -39 -38 -21 -18 -17 |
9 10 |
11 12 13 14 15 16 |
-8 -7 4 5 -2 22 |
1 -36 |
28 29 30 31 32 33 34 35 |
42 40 19 -6 -25 -20 -24 3 26 27 |
23 43 44 |

> rootGenom
1 2 3 4 5 6 7 8 |
9 10 |
11 12 13 14 15 16 |
17 18 19 20 21 22 |
23 24 25 26 27 |
28 29 30 31 32 33 34 35 |
36 37 38 39 40 41 |
42 43 44 |

-------------------------------41

> genome z
-32 5 20 4 3 30 31 -2 6 |
7 |
1 -29 -28 -22 21 -27 |
11 12 13 14 15 16 |
17 18 |
-23 -19 |
24 25 26 |
-10 9 -8 |
33 34 35 36 37 38 39 40 41 |

> rootGenom
1 2 3 4 5 6 |
7 |
8 9 10 |
11 12 13 14 15 16 |
17 18 |
19 20 21 22 23 |
24 25 26 |
27 28 29 30 31 32 |
33 34 35 36 37 38 39 40 41 |

----------------------------------26, 10/84 length

> genome z
-25 45 -13 5 6 23 20 21 -46 -15 9 -26 |
8 -43 -28 -14 -11 -16 -18 -17 -10 4 -2 -1 |
37 27 7 |
32 33 34 35 36 |
-31 -12 -22 30 -3 38 39 40 -44 41 42 -24 -19 29 47 |
48 49 50 51 52 53 54 55 56 |
57 58 59 60 61 62 63 64 |
65 66 67 68 69 70 71 72 73 74 75 76 77 78 79 |
80 81 82 83 84 |

> rootGenom
1 2 3 4 5 6 7 |
8 9 10 11 12 13 14 15 16 17 18 19 20 21 22 23 24 25 |
26 27 28 29 30 31 |
32 33 34 35 36 |
37 38 39 40 41 42 43 44 45 46 47 |
48 49 50 51 52 53 54 55 56 |
57 58 59 60 61 62 63 64 |
65 66 67 68 69 70 71 72 73 74 75 76 77 78 79 |
80 81 82 83 84 |

-------------------------------83

> genome z
1 2 3 4 5 6 7 8 9 10 11 12 13 14 15 16 17 18 19 |
20 -45 -31 53 41 22 -64 55 |
40 59 60 37 |
38 39 |
26 27 62 -49 -32 -44 -43 -42 -21 -30 -29 -28 52 63 -65 51 50 -54 -58 -57 46 47 -35 23 24 25 |
56 36 61 -34 -33 -48 66 |
67 68 |
69 70 71 72 73 74 75 76 77 78 79 |
80 81 82 83 |

> rootGenom
1 2 3 4 5 6 7 8 9 10 11 12 13 14 15 16 17 18 19 |
20 21 22 23 24 25 |
26 27 28 29 30 31 32 33 34 35 36 37 |
38 39 |
40 41 42 43 44 45 46 47 48 49 50 51 52 53 54 55 |
56 57 58 59 60 61 62 63 64 65 66 |
67 68 |
69 70 71 72 73 74 75 76 77 78 79 |
80 81 82 83 |

----------------------------------26, 15/139 length

> genome z
1 32 33 34 17 -3 -2 -31 -30 69 70 -63 -62 -28 -9 -26 8 25 -14 -13 -66 -65 124 125 126 127 19 20 21 22 23 60 61 29 -68 -67 -12 -11 -10 -27 55 -123 58 -113 6 7 -122 -121 -120 -119 -118 -117 -116 -115 109 110 |
-37 -36 -35 -16 |
38 39 40 41 42 43 44 45 46 47 48 49 50 51 52 53 |
-132 -131 -130 -129 -128 -64 71 |
72 73 74 75 76 77 78 79 80 81 82 83 |
84 85 86 87 88 89 90 91 92 93 94 95 96 97 98 99 100 101 102 103 104 105 106 |
107 108 -114 59 24 112 -5 -4 18 56 57 -54 |
111 15 |
133 134 135 136 137 138 139 |

> rootGenom
1 2 3 4 5 6 7 8 9 10 11 12 13 14 15 |
16 17 18 19 20 21 22 23 24 25 26 27 28 29 30 31 32 33 34 35 36 37 |
38 39 40 41 42 43 44 45 46 47 48 49 50 51 52 53 |
54 55 56 57 58 59 60 61 62 63 64 65 66 67 68 69 70 71 |
72 73 74 75 76 77 78 79 80 81 82 83 |
84 85 86 87 88 89 90 91 92 93 94 95 96 97 98 99 100 101 102 103 104 105 106 |
107 108 109 110 |
111 112 113 114 115 116 117 118 119 120 121 122 123 124 125 126 127 128 129 130 131 132 |
133 134 135 136 137 138 139 |