> genome z
1 2 3 4 5 |
6 7 8 9 10 11 12 13 14 15 16 |
17 18 19 20 21 22 23 24 25 26 27 |
-39 62 69 61 35 -40 |
-44 68 -65 67 -42 37 43 29 -28 |
45 46 47 48 49 50 51 |
52 53 54 55 56 57 58 59 |
-71 64 -70 38 41 -33 -32 -63 -31 -30 66 36 -34 -60 |
72 73 74 75 76 |

> root
1 2 3 4 5 |
6 7 8 9 10 11 12 13 14 15 16 |
17 18 19 20 21 22 23 24 25 26 27 |
28 29 30 31 32 33 34 35 36 37 38 39 |
40 41 42 43 44 |
45 46 47 48 49 50 51 |
52 53 54 55 56 57 58 59 |
60 61 62 63 64 65 66 67 68 69 70 71 |
72 73 74 75 76 |

----------------------------------16, 5/44 length

> genome z
-41 37 -39 -38 -21 -18 -17 |
9 10 |
11 12 13 14 15 16 |
-8 -7 4 5 -2 22 |
1 -36 |
28 29 30 31 32 33 34 35 |
42 40 19 -6 -25 -20 -24 3 26 27 |
23 43 44 |

> rootGenom
1 2 3 4 5 6 7 8 |
9 10 |
11 12 13 14 15 16 |
17 18 19 20 21 22 |
23 24 25 26 27 |
28 29 30 31 32 33 34 35 |
36 37 38 39 40 41 |
42 43 44 |

-------------------------------41

> genome z
-32 5 20 4 3 30 31 -2 6 |
7 |
1 -29 -28 -22 21 -27 |
11 12 13 14 15 16 |
17 18 |
-23 -19 |
24 25 26 |
-10 9 -8 |
33 34 35 36 37 38 39 40 41 |

> rootGenom
1 2 3 4 5 6 |
7 |
8 9 10 |
11 12 13 14 15 16 |
17 18 |
19 20 21 22 23 |
24 25 26 |
27 28 29 30 31 32 |
33 34 35 36 37 38 39 40 41 |

----------------------------------26, 10/84 length

> genome z
-25 45 -13 5 6 23 20 21 -46 -15 9 -26 |
8 -43 -28 -14 -11 -16 -18 -17 -10 4 -2 -1 |
37 27 7 |
32 33 34 35 36 |
-31 -12 -22 30 -3 38 39 40 -44 41 42 -24 -19 29 47 |
48 49 50 51 52 53 54 55 56 |
57 58 59 60 61 62 63 64 |
65 66 67 68 69 70 71 72 73 74 75 76 77 78 79 |
80 81 82 83 84 |

> rootGenom
1 2 3 4 5 6 7 |
8 9 10 11 12 13 14 15 16 17 18 19 20 21 22 23 24 25 |
26 27 28 29 30 31 |
32 33 34 35 36 |
37 38 39 40 41 42 43 44 45 46 47 |
48 49 50 51 52 53 54 55 56 |
57 58 59 60 61 62 63 64 |
65 66 67 68 69 70 71 72 73 74 75 76 77 78 79 |
80 81 82 83 84 |

-------------------------------83

> genome z
1 2 3 4 5 6 7 8 9 10 11 12 13 14 15 16 17 18 19 |
20 -45 -31 53 41 22 -64 55 |
40 59 60 37 |
38 39 |
26 27 62 -49 -32 -44 -43 -42 -21 -30 -29 -28 52 63 -65 51 50 -54 -58 -57 46 47 -35 23 24 25 |
56 36 61 -34 -33 -48 66 |
67 68 |
69 70 71 72 73 74 75 76 77 78 79 |
80 81 82 83 |

> rootGenom
1 2 3 4 5 6 7 8 9 10 11 12 13 14 15 16 17 18 19 |
20 21 22 23 24 25 |
26 27 28 29 30 31 32 33 34 35 36 37 |
38 39 |
40 41 42 43 44 45 46 47 48 49 50 51 52 53 54 55 |
56 57 58 59 60 61 62 63 64 65 66 |
67 68 |
69 70 71 72 73 74 75 76 77 78 79 |
80 81 82 83 |

----------------------------------26, 15/139 length

> genome z
1 32 33 34 17 -3 -2 -31 -30 69 70 -63 -62 -28 -9 -26 8 25 -14 -13 -66 -65 124 125 126 127 19 20 21 22 23 60 61 29 -68 -67 -12 -11 -10 -27 55 -123 58 -113 6 7 -122 -121 -120 -119 -118 -117 -116 -115 109 110 |
-37 -36 -35 -16 |
38 39 40 41 42 43 44 45 46 47 48 49 50 51 52 53 |
-132 -131 -130 -129 -128 -64 71 |
72 73 74 75 76 77 78 79 80 81 82 83 |
84 85 86 87 88 89 90 91 92 93 94 95 96 97 98 99 100 101 102 103 104 105 106 |
107 108 -114 59 24 112 -5 -4 18 56 57 -54 |
111 15 |
133 134 135 136 137 138 139 |

> rootGenom
1 2 3 4 5 6 7 8 9 10 11 12 13 14 15 |
16 17 18 19 20 21 22 23 24 25 26 27 28 29 30 31 32 33 34 35 36 37 |
38 39 40 41 42 43 44 45 46 47 48 49 50 51 52 53 |
54 55 56 57 58 59 60 61 62 63 64 65 66 67 68 69 70 71 |
72 73 74 75 76 77 78 79 80 81 82 83 |
84 85 86 87 88 89 90 91 92 93 94 95 96 97 98 99 100 101 102 103 104 105 106 |
107 108 109 110 |
111 112 113 114 115 116 117 118 119 120 121 122 123 124 125 126 127 128 129 130 131 132 |
133 134 135 136 137 138 139 |


-----------------------------------209

> genome z
1 2 -102 |
33 34 -73 -72 |
-32 -31 143 70 71 |
-136 209 |
109 110 111 112 113 114 115 116 117 118 119 120 121 122 123 124 125 126 127 |
137 138 139 140 -42 -41 184 185 186 187 207 208 -151 -150 -149 -148 -147 -146 -145 -144 -69 -68 -67 -66 -65 -64 -57 -56 -55 -54 -53 -52 -206 -205 -204 -203 -202 -201 27 28 29 30 -142 -141 43 44 45 46 47 48 49 50 51 188 189 -161 -160 -88 -87 -86 -85 -84 -83 -82 -167 152 153 154 |
-191 -190 162 163 164 165 166 78 79 80 81 168 169 170 171 -182 -181 -180 -199 -198 -197 -196 -21 -20 -19 -18 -17 -16 -15 -14 -13 -12 -11 -10 -9 -8 -7 134 135 -77 -76 -75 -74 35 36 37 38 39 40 -183 172 173 -106 -105 -104 -103 3 4 5 174 175 176 177 178 61 62 63 58 59 60 179 25 26 -200 -24 -23 -22 -195 -194 -193 -192 |
155 156 157 158 159 89 90 6 -133 -132 -131 -130 -129 -128 |
-101 -100 -99 -98 -97 -96 -95 -94 -93 -92 -91 107 108 |

> rootGenom
1 2 3 4 5 6 7 8 9 10 11 12 13 14 15 16 17 18 19 20 21 22 23 24 25 26 27 28 29 30 31 32 |
33 34 35 36 37 38 39 40 41 42 43 44 45 46 47 48 49 50 51 52 53 54 55 56 57 58 59 60 61 62 63 64 65 66 67 68 69 70 71 |
72 73 74 75 76 77 78 79 80 81 82 83 84 85 86 87 88 89 90 91 92 93 94 95 96 97 98 99 100 101 |
102 103 104 105 106 107 108 |
109 110 111 112 113 114 115 116 117 118 119 120 121 122 123 124 125 126 127 |
128 129 130 131 132 133 134 135 136 |
137 138 139 140 141 142 143 144 145 146 147 148 149 150 151 152 153 154 |
155 156 157 158 159 160 161 162 163 164 165 166 167 168 169 170 171 172 173 174 175 176 177 178 179 180 181 182 183 184 185 186 187 188 189 190 191 |
192 193 194 195 196 197 198 199 200 201 202 203 204 205 206 207 208 209 |

------------------------------26, 289

> genome z
-29 -28 -27 -26 -25 -24 -23 -22 -21 -20 -19 -269 -268 -267 -266 -265 271 272 273 274 275 276 45 46 47 48 49 50 253 254 -39 -38 -37 -36 -35 -34 -33 -32 -31 -30 |
241 242 287 288 289 |
57 58 59 60 61 62 63 64 65 66 67 68 69 70 71 72 73 74 75 76 77 78 79 80 81 82 83 84 85 86 87 88 89 90 91 92 93 94 95 96 97 98 99 |
-56 -55 -54 243 -270 -18 -17 126 281 282 283 284 -147 -148 285 286 -172 -171 -170 -169 -168 -167 -166 -165 11 -10 -9 -8 -7 -6 -5 -4 -3 -2 -1 |
100 101 102 103 104 -248 146 149 150 151 152 153 154 155 156 157 158 159 160 161 132 133 134 135 244 245 246 -43 -42 -247 44 277 278 279 280 127 128 129 130 131 162 163 164 12 13 -173 -53 -52 257 258 259 260 261 262 263 264 136 118 177 178 179 180 181 182 183 184 |
185 186 187 188 189 190 191 192 193 194 195 196 197 198 199 200 201 202 203 204 205 206 207 208 209 210 211 212 213 214 215 216 |
217 218 219 220 221 222 223 224 225 226 227 228 229 230 231 232 233 234 235 236 237 238 239 240 |
-249 105 106 107 108 109 110 111 112 113 114 115 116 117 -176 -175 -174 14 15 16 -125 -124 -123 -122 -121 -120 -119 137 138 139 140 141 142 143 144 |
250 251 252 51 -256 -255 40 41 -145 |

> rootGenom
1 2 3 4 5 6 7 8 9 10 11 12 13 14 15 16 17 18 19 20 21 22 23 24 25 26 27 28 29 |
30 31 32 33 34 35 36 37 38 39 40 41 42 43 44 45 46 47 48 49 50 51 52 53 54 55 56 |
57 58 59 60 61 62 63 64 65 66 67 68 69 70 71 72 73 74 75 76 77 78 79 80 81 82 83 84 85 86 87 88 89 90 91 92 93 94 95 96 97 98 99 |
100 101 102 103 104 105 106 107 108 109 110 111 112 113 114 115 116 117 118 119 120 121 122 123 124 125 126 127 128 129 130 131 132 133 134 135 136 137 138 139 140 141 142 143 144 |
145 146 147 148 149 150 151 152 153 154 155 156 157 158 159 160 161 162 163 164 165 166 167 168 169 170 171 172 173 174 175 176 177 178 179 180 181 182 183 184 |
185 186 187 188 189 190 191 192 193 194 195 196 197 198 199 200 201 202 203 204 205 206 207 208 209 210 211 212 213 214 215 216 |
217 218 219 220 221 222 223 224 225 226 227 228 229 230 231 232 233 234 235 236 237 238 239 240 |
241 242 243 244 245 246 247 248 249 |
250 251 252 253 254 255 256 257 258 259 260 261 262 263 264 265 266 267 268 269 270 271 272 273 274 275 276 277 278 279 280 281 282 283 284 285 286 287 288 289 |

-------------------------------284

> genome z
-30 274 250 -222 -221 -220 |
15 -259 -45 36 37 38 39 -225 -22 241 242 -11 -10 27 28 29 -1 |
31 32 33 34 |
-50 -49 280 281 282 283 -231 -247 -246 -245 257 258 46 256 -244 -248 4 5 6 7 8 9 -26 -25 -24 -23 -224 -223 251 252 253 254 255 47 48 -279 -40 -2 42 43 44 -35 |
51 52 53 54 55 56 57 58 59 60 61 62 63 64 65 66 67 68 69 70 71 72 73 74 75 76 77 78 79 80 81 82 83 84 85 86 87 88 89 90 91 92 93 94 95 96 97 98 99 100 101 102 103 104 105 106 107 108 |
109 110 111 112 113 114 115 116 117 118 119 120 121 122 123 124 125 126 127 128 129 130 131 132 133 134 135 136 137 138 139 140 141 142 143 144 145 146 147 148 149 150 151 152 153 154 155 156 157 158 159 160 161 162 163 164 165 166 |
167 168 169 170 171 172 173 174 175 176 177 178 179 180 181 182 183 184 185 186 187 188 189 190 191 192 193 194 195 196 197 198 199 200 201 202 203 204 205 206 207 208 209 210 211 212 213 214 215 216 217 218 219 |
-284 232 233 -262 228 229 230 -271 -270 -269 -268 |
-14 -13 -12 243 249 275 276 277 278 41 -226 3 272 273 227 -261 -260 16 17 18 19 20 21 -240 -239 -238 -237 -236 -235 -234 263 264 265 266 267 |

> rootGenom
1 2 3 4 5 6 7 8 9 10 11 12 13 14 |
15 16 17 18 19 20 21 22 23 24 25 26 27 28 29 30 |
31 32 33 34 |
35 36 37 38 39 40 41 42 43 44 45 46 47 48 49 50 |
51 52 53 54 55 56 57 58 59 60 61 62 63 64 65 66 67 68 69 70 71 72 73 74 75 76 77 78 79 80 81 82 83 84 85 86 87 88 89 90 91 92 93 94 95 96 97 98 99 100 101 102 103 104 105 106 107 108 |
109 110 111 112 113 114 115 116 117 118 119 120 121 122 123 124 125 126 127 128 129 130 131 132 133 134 135 136 137 138 139 140 141 142 143 144 145 146 147 148 149 150 151 152 153 154 155 156 157 158 159 160 161 162 163 164 165 166 |
167 168 169 170 171 172 173 174 175 176 177 178 179 180 181 182 183 184 185 186 187 188 189 190 191 192 193 194 195 196 197 198 199 200 201 202 203 204 205 206 207 208 209 210 211 212 213 214 215 216 217 218 219 |
220 221 222 223 224 225 226 227 228 229 230 231 232 233 234 235 236 237 238 239 240 241 242 243 244 245 246 247 248 249 250 251 252 253 254 255 256 257 258 259 260 261 262 263 264 265 266 267 |
268 269 270 271 272 273 274 275 276 277 278 279 280 281 282 283 284 |

------------------------------336

> genome z
1 2 3 4 5 6 7 8 9 10 11 12 13 14 15 16 17 18 19 20 21 22 23 24 25 26 27 28 29 30 31 32 33 34 35 36 37 38 39 40 41 42 43 44 45 46 47 48 49 50 51 |
52 53 54 55 56 57 58 59 60 61 62 63 64 65 66 67 68 69 70 71 72 73 74 75 76 77 78 79 80 81 82 83 84 85 86 87 88 89 90 91 92 93 94 95 96 97 98 99 100 101 |
-146 -145 291 292 103 -167 -166 -165 -164 -163 -162 -161 182 183 184 185 180 181 276 277 278 306 307 -122 -262 -261 -260 -259 -258 267 -273 -272 -271 -270 -269 -308 123 124 125 126 263 264 132 133 134 135 136 137 -290 -289 -288 -287 -286 -285 -284 -283 -282 |
102 293 294 -186 -179 -178 -177 -176 -175 157 -142 -141 265 -275 -274 268 -116 -115 -114 -113 -112 -111 -110 130 131 -140 -139 -138 -144 309 310 311 312 304 305 279 280 281 |
193 194 |
195 196 197 198 199 200 201 202 203 204 205 206 207 208 209 210 211 212 213 214 215 216 217 218 219 220 221 222 223 224 225 226 227 228 229 230 231 232 233 234 235 236 237 238 239 240 241 242 243 244 245 246 247 248 249 250 251 252 |
253 254 255 256 257 -266 -160 -159 -158 143 117 118 119 120 121 127 128 129 -191 -190 -189 -188 -187 295 296 297 298 168 169 170 171 172 173 174 -156 -155 -154 -153 -152 -151 -150 -149 -148 -147 |
-323 -322 -321 -320 -319 -318 -317 -316 -315 -314 -313 -303 -302 -301 -300 -299 104 105 106 107 108 109 192 |
324 325 326 327 328 329 330 331 332 333 334 335 336 |

> rootGenom
1 2 3 4 5 6 7 8 9 10 11 12 13 14 15 16 17 18 19 20 21 22 23 24 25 26 27 28 29 30 31 32 33 34 35 36 37 38 39 40 41 42 43 44 45 46 47 48 49 50 51 |
52 53 54 55 56 57 58 59 60 61 62 63 64 65 66 67 68 69 70 71 72 73 74 75 76 77 78 79 80 81 82 83 84 85 86 87 88 89 90 91 92 93 94 95 96 97 98 99 100 101 |
102 103 104 105 106 107 108 109 110 111 112 113 114 115 116 117 118 119 120 121 122 123 124 125 126 127 128 129 130 131 132 133 134 135 136 137 138 139 140 141 142 143 144 145 146 |
147 148 149 150 151 152 153 154 155 156 157 158 159 160 161 162 163 164 165 166 167 168 169 170 171 172 173 174 175 176 177 178 179 180 181 182 183 184 185 186 187 188 189 190 191 192 |
193 194 |
195 196 197 198 199 200 201 202 203 204 205 206 207 208 209 210 211 212 213 214 215 216 217 218 219 220 221 222 223 224 225 226 227 228 229 230 231 232 233 234 235 236 237 238 239 240 241 242 243 244 245 246 247 248 249 250 251 252 |
253 254 255 256 257 258 259 260 261 262 263 264 265 266 267 268 269 270 271 272 273 274 275 276 277 278 279 280 281 |
282 283 284 285 286 287 288 289 290 291 292 293 294 295 296 297 298 299 300 301 302 303 304 305 306 307 308 309 310 311 312 313 314 315 316 317 318 319 320 321 322 323 |
324 325 326 327 328 329 330 331 332 333 334 335 336 |

-----------------------------332

> genome z
-141 -140 -139 -138 -137 170 171 172 173 174 175 176 177 178 179 180 181 182 183 184 185 186 187 -238 41 -50 -49 -48 -47 -46 -45 244 -152 -151 261 262 263 -34 215 216 217 218 219 220 221 -228 -227 -226 25 26 27 28 29 30 31 32 33 116 117 118 119 120 121 122 114 115 -214 -213 -212 -211 -210 -156 -155 127 128 129 130 131 132 133 134 135 136 -169 54 55 19 154 -126 -125 -124 -123 -113 -112 -111 -110 -109 -108 -107 -106 -105 -104 -103 -10 -9 -8 -7 -6 -5 266 267 268 269 270 271 272 240 241 242 243 -254 -253 -252 |
-251 -250 102 11 12 |
72 73 74 75 76 77 78 79 80 81 82 83 84 85 86 87 88 |
89 90 91 92 93 94 |
196 197 198 199 200 201 202 203 204 205 206 207 208 209 157 158 159 160 161 162 163 164 165 166 167 168 -53 -52 -51 -66 -65 -64 -63 -62 -61 -60 -59 -58 -57 -56 -18 -17 -16 -15 -14 -13 |
142 143 40 -237 -236 -235 -234 -233 -232 -231 -230 -229 222 223 224 225 -24 -23 -22 2 3 4 -265 -264 35 36 37 38 39 144 145 146 147 148 149 150 -260 -259 -258 -257 -256 -255 -44 -43 -42 67 68 69 70 71 |
-279 -278 -277 -276 -275 -274 -273 -239 188 189 190 191 192 193 194 195 |
95 96 97 98 99 100 101 -249 -248 -247 -246 -245 153 20 21 -1 |
280 281 282 283 284 285 286 287 288 289 290 291 292 293 294 295 296 297 298 299 300 301 302 303 304 305 306 307 308 309 310 311 312 313 314 315 316 317 318 319 320 321 322 323 324 325 326 327 328 329 330 331 332 |

> rootGenom
1 2 3 4 5 6 7 8 9 10 11 12 |
13 14 15 16 17 18 19 20 21 22 23 24 25 26 27 28 29 30 31 32 33 34 35 36 37 38 39 40 41 42 43 44 45 46 47 48 49 50 51 52 53 54 55 56 57 58 59 60 61 62 63 64 65 66 67 68 69 70 71 |
72 73 74 75 76 77 78 79 80 81 82 83 84 85 86 87 88 |
89 90 91 92 93 94 |
95 96 97 98 99 100 101 102 103 104 105 106 107 108 109 110 111 112 113 114 115 116 117 118 119 120 121 122 123 124 125 126 127 128 129 130 131 132 133 134 135 136 137 138 139 140 141 |
142 143 144 145 146 147 148 149 150 151 152 153 154 155 156 157 158 159 160 161 162 163 164 165 166 167 168 169 170 171 172 173 174 175 176 177 178 179 180 181 182 183 184 185 186 187 188 189 190 191 192 193 194 195 |
196 197 198 199 200 201 202 203 204 205 206 207 208 209 210 211 212 213 214 215 216 217 218 219 220 221 222 223 224 225 226 227 228 229 230 231 232 233 234 235 236 237 238 239 240 241 242 243 244 245 246 247 248 249 250 251 |
252 253 254 255 256 257 258 259 260 261 262 263 264 265 266 267 268 269 270 271 272 273 274 275 276 277 278 279 |
280 281 282 283 284 285 286 287 288 289 290 291 292 293 294 295 296 297 298 299 300 301 302 303 304 305 306 307 308 309 310 311 312 313 314 315 316 317 318 319 320 321 322 323 324 325 326 327 328 329 330 331 332 |

